6.928779168548755
1.7831806043775094
5.425050875013794
7.150696791514701
4.918451252803313
7.498006999020056
2.966143903406565
12.91423837096038
3.2170757418434572
3.223195104128517
19.531972921129594
5.066099009412956
1.2891593559443668
6.7365749180132415
8.104266375697927
7.004996892006187
7.686338073734243
10.156057546321072
6.198374600112266
7.333659132658704
4.598073161089817
9.310525289177516
5.210376225797789
10.592254776759745
13.841921424185056
7.0865797889679225
3.098373687672312
9.451561398991908
5.809746332296881
5.170991389183318
6.864881075040146
2.7024336454565896
1.6845618028779417
8.113009347246098
3.6893990097309537
3.747017926154722
1.9863653753720723
8.140909940821347
3.0558359011890226
7.962901566149132
5.749152401456281
7.293343345252216
5.162247718858472
14.005378878083397
9.783362186774733
7.368443707212674
11.559760051552475
4.544396870947919
6.2343602634729125
7.629210606494914
3.9664705036493366
15.302535945704946
12.750754403138481
1.102774356210309
1.626535723524911
8.142230213415628
6.349891833733329
7.403527554799957
10.02863932219488
8.840507608704813
13.974130362944688
9.315498437660581
7.560315280538568
4.1791865210490196
8.000962591806514
5.000328209427314
1.7687615937545251
6.8890894655331945
1.7546589910061825
12.628551684667867
9.14820519941108
4.4634551764251
10.082188826295756
2.6700006689809155
4.610995264813035
8.239604546118871
7.041387568919577
11.616831201572237
1.2894869053122384
6.310276680900042
4.847470146760847
7.120898076320876
10.856298902887715
9.304529123264283
6.754030064665498
6.410639010316775
7.3876156719627115
1.5051892809630758
1.822464962647117
9.495526131377718
2.2370583677851106
4.543328626807762
6.035488913046391
5.594854283360729
5.857421259836928
7.038031391844575
6.617928515489566
5.749715807074927
4.186335896959132
9.950358346655417
5.507056781130088
8.55267976854286
3.4899055330027515
7.589610869635095
3.8834183711412504
8.610959520180211
7.540878251772092
8.842894390006506
2.067814095654459
7.198173037750621
3.754068029541104
6.972155392373069
2.799806237295616
10.46177733115503
7.234545805876143
10.142750484011755
3.7029586671312824
9.023371589163132
7.1335750537050435
3.3844168966409067
5.9480801297070975
3.3248265802543737
6.979019293015644
5.24953320500615
14.066252005746747
3.5988144821315466
0.7395036860617896
8.769692886778454
8.717998750811812
7.289172650978986
