6.803281982262097
12.178102326624916
8.990684999641397
10.351084197814322
8.48941567346018
8.960404000421295
2.3688080617473686
5.2377334657990255
7.657658996944395
3.7874085104999478
9.83537384659704
8.14566600368957
8.936161050760994
12.19382680106002
13.9196008819285
2.1136327659946077
5.102869149121542
4.160912238404535
4.664789836102803
8.471052366737052
17.555960763420835
4.551399373426571
10.167784088464144
5.618248940774614
4.861754133753903
0.7772641540436572
11.586678035452856
12.278446503369729
3.492953427773867
9.537891784132077
13.39083059613513
5.077034307393896
4.370571226795991
8.748284271722776
6.174511996011662
6.945726800338681
9.727536884102554
10.600394682904534
14.196194179565326
6.997983997238843
6.439852035861676
3.3741375464472583
1.2555618871934804
4.74665925689828
18.591103822838132
13.39072750212147
8.467190204156218
8.518742684570592
9.66830691303802
6.692514487844898
8.071092353797374
12.015567593429044
4.274141422554228
12.416211415680628
18.594267130669248
6.496237908692486
4.259751739721839
4.615958140796153
4.16748395758207
6.442443151240185
11.374306691144477
0.6256771969564208
23.90941232684717
4.667310937252636
12.241591852692073
10.221100523135444
6.702777197235756
15.126547995826494
8.365180001079985
14.748907421591056
4.55665615170479
3.122022508919055
11.047750068545156
12.984309668165304
7.007171917356809
6.0981029433846405
9.32367169533414
5.024004837266438
16.56544458950578
5.127788382690867
7.125531045022442
10.817726740973992
10.753428297050434
6.3463286865371344
9.589453515673592
13.566637272513857
28.445108891804058
9.587387210854612
9.720426191507096
1.8630214969415606
5.350667778611226
9.005267390421613
20.277966061317013
6.179656121028582
6.764711060996813
2.64018865568129
9.6433897840529
13.533385225814474
4.8294545078318984
2.2078457577235313
4.782573605487281
5.064237792636546
6.688585191388535
8.529207707023748
7.310777535218266
4.963141404523529
10.071068969033657
2.6373584339773566
7.501662450538644
8.066485137112014
3.449073171049403
7.227661294172386
6.851205829827366
9.291536457120028
5.216708651003029
2.5237264576896954
3.5032526462150737
6.024383938840725
5.015588087645783
0.8347776801844187
11.22394746473681
2.585670327685942
19.810636332351244
3.6968052282008848
7.521357689511778
4.1019096917238285
5.506259724482264
5.470782779891309
9.010368010176057
1.3869734005002843
