5.417721410831811
2.6343871048886207
7.5007474466285995
6.095213364288966
13.925190080127647
2.295176067815371
18.18855056945126
3.680067093800942
10.060623017235176
6.216895819406769
4.7568602879268775
6.8075884581958315
13.835569085777367
2.7721331976199806
4.101523568250861
3.2522436014712475
8.628016735343081
6.127356295969787
2.680296654295004
11.636961255741866
5.005915643334056
5.375243258463967
3.5219319394540003
4.099078612426648
2.199857191083877
12.529631586570728
4.360838460168675
10.395039912988347
12.883038358455234
2.3531299206815572
8.865555658287416
7.0954149079709
0.3437428624952959
15.152232700810588
4.044808590225207
10.986709696117531
14.732474525061196
9.362130888905492
11.447211622077692
12.193313303927884
4.4994350753052785
7.112146597070993
3.508600711284916
13.741559868343119
3.7563680960585364
7.7503102618547315
11.716229021437883
13.70756824541633
10.210825916695041
10.105520840235291
5.566261680097027
5.049310770292252
5.438134904650605
4.5051985098204295
5.673051263193552
3.7973074856933033
2.003906720236234
10.147508395047533
2.889866819888775
15.617856796259295
11.157404763547257
8.659466756539869
15.191594038926665
8.781392954542792
8.770610408810409
8.192840731778162
5.469448668240445
2.263515235100807
10.506218208258982
1.4950356785479013
10.557035946590846
1.6203525424155418
13.25514948151802
11.212081345076863
5.000696938132999
2.441673630788114
8.394815977220283
4.560578747856156
10.762048977091753
0.9572751707005324
11.331400247111356
0.7745178249073207
4.343132800459867
4.790490015103418
12.52569896278693
4.291665083739227
2.573017043309937
4.6946234914750065
10.095433585973833
4.932141341300018
5.577998252940138
11.171580380098359
4.0725765189218075
1.4835356536706672
11.73935190739541
9.870334208167192
13.496072354072812
4.57787610986889
5.910634629806011
5.664897567481634
6.686048587517473
4.179678959419901
6.2729059958385065
3.7526183241700943
5.176404649965004
4.495919227397325
5.607190448082786
5.46192619087201
8.434472631320533
14.052128395004202
8.79589958573705
6.894148038148036
1.2726541331680472
6.76383199034235
4.450978703291387
7.773025383459247
8.38338943794062
6.15986830562883
10.760545625468941
6.228926392691543
4.45873617023226
6.6347966175428414
4.467068283850354
10.954211708442589
6.899390291125144
3.5630211764794595
10.324147538781142
3.0187222143441677
1.4361103295499658
5.181031086077461
