24.900834802663883
8.82039896539194
3.950889114523672
33.451569965180084
24.442452746527252
18.865380408933135
21.79156326242836
18.373649227540895
26.375049789686315
20.01932616537427
16.552170907163482
9.996897083475593
10.814998010900847
4.987605633726933
11.051525274661227
10.392560681410284
14.33422943818905
25.546874372805167
12.457889307378826
18.545454871438476
9.16604650760749
24.61575421245059
27.37796274692604
36.22804535733337
20.917038546791723
26.730465332143876
22.46419451298663
47.72612758439598
28.182415487672884
20.95700092726649
14.556936196835357
19.129093306432296
22.574988854214457
15.231081892351861
18.577702346826495
9.564907650202269
10.839122976929076
36.22883484691353
26.34848543450549
29.15694702970813
23.092244860633325
12.422767164960538
11.625273859501814
18.66676982444322
6.872442821652848
16.085027686628987
7.405072898481622
12.2824756919632
4.449893030031824
12.464152767741433
25.62229654670208
19.338654218352872
13.060520778856873
6.760485680077835
8.484132011315223
13.214262810434352
2.5229858412090254
22.264705201754037
9.289063698496879
24.413172423467206
30.970384042917328
7.3761822518104605
17.76935241564063
30.08340579196008
5.145386982866565
44.61363695242151
22.077027023848014
20.154680786306912
18.600458801555238
16.01334957108678
15.880832141978152
7.183776445970937
4.881142506495673
17.21074264174717
21.043769659055286
3.048529361492449
19.674289656643072
10.787132255256521
9.350082339131754
6.964041256203287
27.14067783504858
24.96627126875821
15.120307205372491
28.63037561612478
7.452600841018558
21.335404320179805
8.990134645884387
21.966608065291393
2.7762545652184625
19.777358660944582
1.9562607057392503
17.85249775078138
21.97137404385352
27.693566908252773
11.036081844839153
18.599523609375026
38.79000335287899
32.19687805744334
3.0610231886779493
19.701147755819193
27.80713067813369
3.8409243277914276
31.336425993403964
13.093938775954609
18.141460227780772
45.090291484894834
23.10990454661246
31.352813363006042
17.863259423900868
14.18458015824168
13.03681730683911
24.32503806557528
6.471590059913442
26.09181029698369
31.200145903705682
16.559640706416527
7.224855771978206
40.23033569111716
20.339756343300927
6.804690165741317
14.678461573586445
22.474684348377014
16.76096910269722
22.329440041279458
10.570006096693248
29.368690060085964
17.082848938040925
22.10208465181713
24.953202287972267
23.438145718753486
