15.856725611277048
39.57532205123796
10.887814367353842
23.45780798602275
30.474619365595558
8.985544787226083
25.731095131904283
22.940116016541936
15.373745826132463
27.389515683188602
27.596053862838794
16.03588681470942
22.569122346383143
18.261897375400064
24.948347072810254
27.294767756087406
14.680915792409618
2.924185963468031
10.351649856043217
8.732346432185375
17.495670904247056
10.43686994296578
21.243949835746463
22.707116168038322
36.76226966817521
39.22738260779862
30.442893019692736
41.511327243994806
26.97807029975659
23.99984610382189
29.605803552304383
43.60105647461647
19.454059160587473
18.167341718930277
8.603055560346066
25.97357236598834
9.663500704752689
1.766646466365887
25.827908570276666
9.356407874869575
17.063207379405466
37.47001779306995
14.900783642417773
22.70342402498191
8.714245829738474
31.558111017643526
51.13354851918233
16.86543974728595
24.01401888130015
21.238366822827892
17.88691423940331
14.32218157242874
9.22114743013585
29.496042477836912
46.865070960926495
40.615380747072635
10.659684533168736
20.01295245457527
6.378895220378616
4.924970935102285
31.15427298983541
17.061504958077528
19.770771134834625
26.591970757845942
34.17360864957912
23.709746041446078
44.66484698048384
14.110162709451913
32.49320452387229
13.382451940257305
13.164203698001636
13.324603246549218
36.75852974974853
1.9541023976095846
46.50224577565553
17.7346846535165
27.198085216469927
24.037521115884314
7.770150985786802
22.77117706762892
27.710679653795
31.972232200071527
10.898696061556253
14.872551950151301
21.96562856552609
11.829835288838538
21.194452229105863
15.758986322873884
39.00208974552289
8.893328786603425
10.792387234363936
22.43664070346137
24.95330542264754
42.32731672154482
23.116765077881603
2.4352816122672545
23.427447059743944
5.867723511701784
19.41336931270375
27.637016821620932
13.454116549219187
31.10963513811078
38.65952583096384
17.55815201476165
12.416602625788395
25.386508598191245
24.45020748276045
37.72175023894064
34.925426142698576
26.245238117706833
10.309677346915462
27.247268425078236
30.02117593105408
8.159518657758001
27.842377425077423
12.283886753742246
18.048494351609502
37.91864490699252
10.786903734502296
20.729471059258255
30.199895876011723
24.396416382135175
21.044598108794673
9.292669851540378
10.824350321229387
9.978586730899718
33.54455805088858
33.79910022340812
15.302006679373426
29.647383200864862
