20.26576632700053
8.786122801090906
10.879881485928408
12.555625542874187
19.031886397229528
31.18666198028681
21.122628192771185
21.598269349812004
21.70900838653593
34.720669501167166
26.577942060933562
8.849377450185306
29.833007437865557
28.647226244971566
8.625867550983475
29.258075216353642
17.973073317251604
10.515221263442273
10.727389360640995
24.39626131469411
13.435916578567982
34.803862178393096
16.3224063154782
4.326723531864271
12.430341722234754
15.55343749405341
32.436268114137015
37.19766676428587
19.971442115579535
13.357229870122103
8.203483357309896
12.678643870980297
23.830682052139515
13.046035798650866
7.098683956139141
30.561509962977592
18.85117347013395
25.980994432888956
21.30357549932951
13.469233434372335
11.222857287704608
11.735853491722796
11.947378549398524
2.4287563790857014
1.2772944558976034
20.758736814552492
9.974559529904134
28.69774791834247
6.695721718828477
7.578682671165309
30.675742997723162
21.045172059354133
19.845439844695616
13.725690266803408
4.705516802992936
8.029718960756792
13.122565438342477
13.439548553465086
6.789206428495607
21.83160440716604
14.345494781288915
19.609674955127243
17.11049495639605
16.585646789360517
29.036537289596886
28.218927349551407
15.209837484969796
10.135176016829314
31.78888069275
10.032512446165121
48.1511320597692
32.66135452227959
8.031257710424251
20.480306839878516
22.0816014388431
25.844347321564943
25.37774364086243
9.91057752066154
15.730895502075958
16.679573387501875
17.028007728598087
23.629598435694405
24.300772799499626
4.025669355545157
28.920089495129567
19.01427259602973
30.683237082891385
16.3233611956956
21.91024452900159
17.022703463467973
34.43650792311598
17.358872200209404
18.201028854511247
14.234482498810094
43.72316989829128
22.288204021547173
20.927842507559983
18.114560866332777
10.303537938066468
12.013065357544557
21.040825142209023
14.273590217071146
18.454979568429973
9.380662983017357
4.660608401001793
34.06443038096962
17.806159259348416
19.579582314350137
17.355376665130848
21.5107106746853
18.946573059094252
32.491402588955616
27.40502315640386
10.814906313949246
13.064906822792237
20.638176580884373
16.944669451464865
4.57177508817965
39.73466414505457
14.39672885487594
15.962835892343302
11.69862737929553
3.395434982846389
21.53639850063156
11.357853072802147
21.895764692316682
3.277250489540897
20.53775855962666
18.211054982021974
40.383670090721616
