26.79648685875653
23.774736727951733
7.822912462198374
7.501778835354801
17.222414444069027
22.01420454587808
28.283509883687742
4.727692467756856
14.238084997970699
15.195835741407919
28.55833000278074
10.995277978714622
26.314202324808775
8.006031677742811
25.718245245557217
12.5423732842157
8.505783322072313
7.224213683309313
4.7607682495286445
20.77488917768972
22.920331723772716
29.16705116719998
15.52984533615759
33.469159718614534
26.974907760944085
17.864296328247544
15.673502020278628
31.782529035031903
13.184348775876375
20.760845892887826
13.177499369173146
7.297797474569693
19.255710687192046
28.082110783307535
4.885781339808814
24.893607334739805
22.412738956359306
20.074938190794906
43.95835615409303
9.483507434653198
37.82487615769347
32.42372692157462
3.5090403398618135
8.612212616316466
15.310296418083967
26.076432513077613
27.68988879622623
21.625835566757882
9.142627227332564
12.08605393421056
23.895046059312335
23.17315044398472
10.462823457372076
7.591101608725862
16.927533746845743
24.52574439385435
18.305037300576775
4.040533848338379
23.85940426205284
20.545325931665396
10.56925052157916
20.8354485744087
2.966741141532395
3.5702179302417645
24.531698599209726
18.435119195182523
14.874559217692068
31.46185718935608
21.276738796939554
10.510977093687435
27.486211651387084
3.9211837500672866
45.36746103897899
25.01650254716053
23.03296066561239
17.199912967567112
23.949044311623826
38.81585621335401
18.148657143694344
25.53577900453964
33.693885406557776
25.21454929400494
9.758202223290283
24.385489803967403
5.333214952562702
27.755635167211654
14.584899775515291
11.070172921198122
5.498808189596617
28.03782841124441
17.46560569687947
11.452450986774219
26.019724761676297
24.070738551414113
26.128166561157663
10.686585760920169
13.521905561074748
19.51886905939665
19.371720875059236
22.788931656039104
17.47485431607873
14.584658415878222
0.8534496072057867
19.3259462916971
2.7768917129356
33.37045843575121
28.753699505700713
10.825867588632741
19.86802423499431
33.26074403238891
7.843772718765042
31.38086022841945
18.457608933086895
21.769531007094677
23.456920456362823
12.894079157446846
6.498435578895463
12.959021372756876
39.52683938296937
17.402535995970734
7.399626860133979
19.585342223262387
7.344658731292551
18.31184038517828
16.844249077376933
7.972246883228671
9.959163488960867
4.3014938461832175
9.030907920171938
29.700045716109695
