6.381859758274599
6.668687089212287
7.131187391018911
10.120583108151399
10.869751618174872
5.362312437615529
7.609692981366186
2.149239393031475
5.525785323397744
2.8593032226734945
9.009665725884918
4.735083726159943
10.125391419014738
7.507329489888684
9.871109127626678
6.39419969414179
9.189976605591399
2.6933367862457027
3.763751401613737
6.619465959925248
2.6853136051433415
10.543597006518032
7.193908428169762
8.837247561804519
7.882930163521044
7.48244880622643
8.192763673009642
3.637330350767294
13.029179522365338
6.131121763387999
11.360239881489202
8.456459137223083
6.398460194524342
13.596661183754385
9.958064076237395
12.188790414823046
6.372071727412458
10.030468511032192
13.593305662982546
1.7561471924439522
9.979269740818236
2.5105122293708937
7.017310769374249
9.057625330550168
7.560804044906194
7.331664377792267
8.99575807787962
8.471947559901034
7.830965289367192
6.395139809849178
7.169276725027873
11.491473088071094
5.841364847874263
5.695387850111752
6.777578747850128
14.616277407262668
3.5668851022602133
9.731859185272846
10.101423160780511
5.31523232265084
5.81423080269248
8.437371469000587
2.7031184314864465
12.671461426519237
4.58202466526466
1.6349092024646095
9.83010566084405
7.203256838045225
10.998791597574538
9.328504963552872
8.24330017250542
1.6829007402144958
2.6773394318298345
8.526161370428756
8.38306415624231
4.635534427630926
9.330379039153195
2.251833828770241
7.486564146925043
5.793572741163061
8.824209912415238
7.323724348311488
6.9494942075033475
8.631547064923337
10.04781470625065
6.471282739474687
6.520265494770075
7.858690931383464
7.6641549350846985
1.2032107155791898
8.195804017673925
6.194754363461926
12.140224200027601
9.910039510612325
4.731562905254011
9.408204540951598
6.622095063006813
5.666856887060147
9.084420874117226
9.686242587375729
11.146677931718957
10.491908430013728
8.875467334553774
10.278248714393882
8.233655734679228
7.988536223678424
8.932024203607035
13.699671577869436
9.622447614272225
5.616431803174144
9.85486716128994
10.900241259789215
11.584769841826844
13.345083761724593
10.922709066048409
11.421721411891532
5.697997448820748
9.790911765485507
3.6515190215990265
6.812013349496056
13.562431115255936
8.864070429456493
1.4428879167663844
6.7209585578072195
8.628426240597026
9.940010139394067
5.311715615991461
10.40661496624962
9.864194073981716
10.101096918862424
