1.257895136577213
5.015408644289688
2.4146573659792714
3.4947512037495536
6.960527654484099
2.944112630415583
0.6378820526346509
4.851204120706528
6.484237557077946
2.29115383534368
1.8446600696528295
3.4107223441430228
3.8192755700404155
1.8941854164289786
4.615983425896319
5.656092380339954
4.568426186657545
3.817143969371441
4.2366095765732545
3.305759946161115
4.538417070989507
2.754998526592665
1.8361228419381483
5.397970058235836
4.384885677230505
3.385336016947581
1.3446435469671099
3.904232787488396
3.9690692386730118
6.315615207651888
0.9226382324173675
2.7531374518042977
2.5320895462711293
6.0247268701914685
2.4925659397674993
1.8288557679811728
1.5276431237703896
3.418537082032093
2.124869209449812
3.1424416234479984
2.2518568076912646
0.9070034532946288
1.3183813935829383
0.9275701432135415
7.212536642291254
1.4053245897165236
1.6739988694484689
2.0248444893512665
6.291886700732182
4.7332260246317945
3.0429631108067583
4.562020860722716
0.8148109499791655
6.523980219672878
3.1232310018144736
2.993869656737428
2.045347557164978
6.832111282005452
2.4983962454395154
2.8830040978695575
3.262985905276053
3.153779709494605
10.322489159963975
3.3829662971304058
0.831554275850634
3.0483907112929263
3.662366645048605
3.3014195063570875
4.5131247770366745
4.293763755896919
4.213349379906017
3.741068957604272
5.62502898938904
1.3803345702317058
1.7195202486656074
6.628786093548125
3.551556909807748
0.838561075063662
2.9265095074275673
4.868392553601478
3.981677016846692
2.828491930890156
6.850806757596097
4.204848255268001
7.463447090627399
5.17275403840706
3.821090985723524
5.638059762976501
4.64511503941473
3.882959143906128
3.4325635602064417
5.827542626199783
4.75475155764534
2.014462755083466
4.70292972597614
1.807533549139937
3.8250266263576846
2.12184589049436
6.052343631807428
0.5093325357960597
3.8248961472432033
3.8012248597150062
2.0293776229365905
4.270692647892075
4.566535529383395
5.937976408304391
5.054452791043207
5.950199942024968
4.6510790166495495
2.602038066461021
8.43129640395223
2.092767421122713
6.390546642128359
6.188556335164986
1.7117520033565563
2.8427181954997693
2.036305769153323
6.858826890904393
5.296626118171023
7.2903963325573855
7.288041001542545
2.9557756241660464
4.788278967434801
0.528926168304436
4.743231488594531
6.3303056362506664
1.6383330992610394
4.368350336264669
4.344849318238545
4.797720035949529
