10.313439935205595
6.163373429477133
8.41778717036592
9.869532095413843
5.574100451087051
12.751052425983682
5.61924315494502
10.272694044365304
3.7855855862375027
1.46851207105352
8.311321395388381
8.827601622618017
6.505645964020213
2.0580315065161163
5.3436474507708045
5.573120244356214
4.8563206837904325
2.8164144206537673
10.256245532418411
5.130560384518283
2.0759441519589195
11.880123461747969
1.2392000416083437
9.761443718860349
11.197028846390701
8.636485295947729
5.800933070333775
7.5109691127971425
2.89570425007508
8.488882228238595
4.006537174189729
1.856768650835848
3.4746923138524175
5.326407908847203
6.000271389376827
3.85910243165725
3.2882951359716945
2.036850663081229
8.923255544341833
3.5213159392742504
4.034868709738979
9.935725617342927
12.41675314003078
7.99695114709963
10.125846764101622
6.391493835035152
2.583838653603736
7.732792257358346
10.825750131749789
3.5571644232459456
12.61026603771945
7.775567440987017
4.501742757963305
1.1406856640074956
11.171772469286713
5.420888701607271
5.297146962593016
13.626059387217653
17.226791493290115
5.442082519315796
5.3831737822841
17.064711773774476
7.017677269323118
3.11072255544692
9.958688891123643
2.3976177098684452
5.6169067617242066
15.57692972788784
14.007338055349644
7.436524577849815
11.18513653398632
9.18024782789377
7.0530516788873365
4.068417114843469
8.40687478678617
2.339986374949744
8.40561592808441
7.122791655817452
12.376227690404685
9.553077300633612
8.405671892126593
10.417243190638052
4.178907364291322
8.015623159483896
7.179666101592041
5.73521384247832
10.40347745519968
6.5004910910558005
7.092401747057462
7.804425365144146
2.547729173901902
9.277886356592656
6.512507529472703
5.735010289369934
9.202656849017378
1.2338825176068238
3.5022862172733373
6.295783106340601
2.9608358562498664
6.3906907640616355
2.927453686646278
15.03724467730474
8.857934732618688
2.412697481142717
5.633577487133747
12.555449386799921
8.722855951111415
2.1080176660442707
0.6068903491912961
4.659659442795884
8.986867348849493
18.063671278338145
5.495508149005817
10.410814351614853
9.549682921054252
4.050341921372103
5.416335314220123
5.113553000847844
10.64868870773957
9.096230525489966
9.010743192139483
6.538848854058103
11.963087432795831
7.020690965275664
4.027850897526593
8.673072442953654
5.398594123313642
7.613832555986469
10.001837005450465
3.971619300507975
