2.2911357935142598
3.7416649525530388
3.8734010944983717
2.342609117575796
3.4420807146343813
3.3483977698886926
3.917327163187769
4.036400906356151
4.977583918629985
1.7113885050314466
5.504892336480715
6.882252776551713
0.6955031580208383
3.2466019002231454
4.3708659912345365
2.16400457876308
3.7492774169230842
2.2342923549994635
2.2310691611522104
4.3599271289133235
3.2013829936634655
4.390759589087
1.1219975549584762
0.443686718101017
4.849067811377233
4.889311903379429
7.6067376933869495
10.115226219326253
4.909744575828477
1.0451611232590015
4.637616718918069
3.742357000382303
3.816913336122707
3.417861717946241
3.5997731736604583
1.2933439252645547
1.2393232813432937
3.9669817851195055
4.712783179009383
4.443588722238459
0.574354072394525
1.708918454263563
4.362319669229244
4.541038485410696
6.348035686450303
3.155458602175695
3.3823456718079066
5.005600904473296
5.819707935928436
0.30039951724059744
5.25576223344888
4.366058548150297
3.568940599078748
1.0579187920739035
1.350937281154345
4.783997998119782
2.41198019539276
1.2420470581460505
1.652598535465261
10.592435257226004
3.8012207636318083
3.616855563024605
4.1186568948068905
0.9302700777116284
3.4368153584698296
1.1630925499991493
3.1157077580513466
10.63654751290525
5.144146294064562
8.379593369610348
3.5235526165868505
2.376081764592449
4.077291770919751
4.557911551636205
5.191242900810797
2.4778137233582087
2.41518102358282
2.432232024366435
4.294268592339782
6.581178881350947
3.810305141316272
0.4860574680305354
1.8214079062178796
1.0659106541036818
5.9757830525975315
3.780399475107267
4.306051492674049
2.7506356468170012
6.948165320855776
3.569431690278425
1.620634434749738
4.072527117547291
7.084143456298532
3.589284036954702
2.7151535971742917
2.9544919234012563
5.32901387673809
3.978313769277875
3.2544458596478196
3.6110489688718728
4.114433225142422
3.8097563152053224
2.3484958132534777
4.069352598764549
1.6813977769453212
3.9587139830826863
1.4658988702273177
3.8014544762926654
1.5706496062818294
3.405773948387068
3.1896704658695745
3.826086839167737
3.15678746438555
3.723190160976054
2.4555876713253455
6.71118627173251
2.6597762822954176
4.526448045633451
4.119987414861138
1.3092947027783004
5.983983266678584
1.6097657912492491
11.15740500889099
2.2096614477256336
6.580288217868505
4.14446448135941
2.7634687038855827
0.9417714023872853
2.7237665589824354
6.759708596344595
