1.6859975586208664
6.426823370295983
14.217011076656297
5.933909670342277
13.532005263506626
8.217029767557452
6.446093157274413
13.008792180279643
3.5848038051101256
14.477360725087829
7.660994232004506
15.417861414351622
6.476004423903819
6.019659590255036
9.36057158938048
5.316039103535272
8.558506254348396
5.852591626654677
23.264203057745224
6.040224023052807
9.40304710154362
3.844949612285736
2.2645643244505385
12.943822808058881
13.957346822752227
1.7465068010241123
11.571500623402821
0.9319236990399674
8.232196026544408
11.054830481652202
2.5576316916135067
7.8368901310045835
2.38350932652304
11.977061107024797
12.274814802010004
19.1583416819207
7.249845816754949
10.745355055189142
11.645230474596215
6.308971599217042
11.095450699811149
4.956803355038647
9.06061304594336
6.567067381416532
3.176081144957877
8.24684798504884
18.388878582735398
4.172472608425246
17.7081872658856
10.111505406681706
7.22468685637758
5.023221055904886
8.19916199466748
1.7285835809181649
12.967866330444481
2.301014177044651
3.891434624775658
8.058180411788314
14.80530099280365
4.03314033265686
5.789356163683088
2.2462406498221177
4.4134662518507355
5.401575072108786
2.355594766316346
2.2628517717173016
3.237204953389533
1.524195574514503
4.3354920820634355
8.025779484525538
10.693937402452272
17.4613207151258
15.75113466356614
6.095680730178471
17.33095914750438
3.7602580927388654
10.086901943991924
7.026087227856221
5.55741242576867
6.428132462064988
8.33888757735172
6.065572006814499
1.8365587230698008
4.826228815657378
8.84396237875359
8.405906845545081
9.941929057819895
3.1908513297085324
6.018413030195714
10.063931289242845
5.978265077035572
10.46612891812039
9.722180406789647
5.199329270045606
9.07584059007347
13.161353467398536
12.908780418838985
6.615591348144057
9.62839906942311
13.139559582051284
6.906291764652799
10.681698606186787
4.8152242566315016
4.0639597692613325
7.248394617856089
8.39850830750146
12.75850389581849
2.888546778788411
3.5742858374888606
12.53593790177975
11.173807175411111
8.859589090603299
11.387708432766981
9.731672930584294
9.6413617753231
10.65431808108282
6.668012241970298
4.998953905690352
7.092959353309008
8.644283200479453
13.256214206133615
1.212145727014524
14.740829019426554
8.809525813375682
12.689240463797146
8.470325007139385
9.340952811374846
8.500782268039249
5.312944917349593
11.114432047804542
