14.149807597682477
16.444634384611593
12.766565086405054
3.818207253697473
11.44436297187596
2.4138655111129173
5.175160563924196
20.769602431637047
13.87743016718397
15.81886089160433
15.18421293112915
20.70162083062651
10.876031658474902
12.375123610042987
12.88238693514466
15.728258975062367
11.468535127246765
15.064889004333187
4.933871080902261
5.232808362999385
11.44296105223316
9.088351077556172
17.099536708301336
26.23553037776855
13.708858257915416
9.104334634229277
14.169492073067085
10.388257448522358
17.915565263732365
15.891267163894579
12.845431051324278
8.066331841758345
7.89002372903517
4.28856220428841
11.866570197844824
15.436424001241726
6.3404120849243055
4.9200225330439835
12.543501156786906
12.578650930704208
26.626453761939764
11.642365198828166
13.932593107797206
16.60637177291125
18.159678722874773
13.898253110993204
6.345634221118864
6.723896247330277
3.551474763304494
15.513483151977391
3.0996471305564426
4.443843798100509
13.38190845024836
11.915617580661317
17.217698125627496
9.395949005863756
11.319391149096312
20.5189128484356
6.121530529187926
10.617995826229363
11.678015374470418
4.797535157486889
16.152840461481695
7.527000477337956
13.822359749239252
13.530945597259105
20.75704196336545
6.272683194223436
6.406866884689943
19.505967960019092
9.201372715220142
7.585715652297691
13.092308907835369
13.2525561048173
5.242302646502474
2.980232960374672
14.539776561158327
5.045640580310537
4.651118767163486
10.631847774429499
14.788666735951484
7.342957817508411
11.599520522490028
7.153004731982885
11.899761888137908
5.218213040707417
19.25944220866467
16.263393971010053
13.282602949578033
3.101301218117578
19.77537564968823
4.908047463747613
9.702384104507399
17.184869851036293
10.835917531036657
22.74332780025634
3.6509795809546643
7.562857941956475
14.267265817298433
7.8706479161376235
16.134408213716203
23.317228294610445
4.4973360551151496
16.687349320916905
12.50265066146527
18.70853265682651
14.015730862729466
2.3635516327517676
9.003584235198167
6.53475896219257
14.485406411418936
10.744681511645908
14.382114940440935
10.76894940557042
10.436480823000492
14.339781106641261
11.03837725401009
9.554432845882916
9.148827214117723
13.094894792193099
15.47996028796213
15.263016441367025
20.179354482861676
5.896740526673382
19.131333155710053
12.173680317874709
2.116202469546767
10.90383190247996
14.713225079046245
6.7866185340769265
