18.921530413794528
18.728192922465
10.74480972247646
8.842263033600917
2.8506213857578855
26.27168497243984
28.514291480700642
21.379385099177323
17.883698596547422
36.37877119140055
12.901277519826081
23.90990884559942
21.115770932365056
24.412639695355026
16.779105715070397
33.069319511065466
13.528063743109401
14.575291890263605
11.851571246660809
16.121314757857665
17.46648890437877
37.81234998553865
7.855936944307284
4.762213726502613
20.399430904283914
3.0708639934555864
8.418482430218301
29.624056643440507
43.037904817795706
10.42936993924889
25.90465288859453
20.37376273403445
10.881802782538605
32.53393893150962
23.93855123231038
32.75957500240517
22.802123257365754
31.352408907574464
24.52842682297697
33.43726250207474
46.858662289124375
31.96841166188423
33.941743269664904
15.44422680894121
25.597637052103423
55.545466240573255
38.88321561637578
8.536399481319538
21.860914227377215
25.670862750231905
13.997331210312787
50.99648050302696
16.331759167419538
27.886183125846696
42.96400927514908
22.73328586558456
19.161394807062834
2.479759735509431
42.91328681237905
22.09408402693015
35.94440391413478
11.289084139993351
21.330026284058437
32.63079215381007
12.877397474502981
27.407170184494017
4.917283482666027
5.575647624254889
42.41022275327555
27.375714290651597
21.349053950449235
16.521455317597532
18.807689669474676
25.59548292338904
30.56217774687836
7.914091717860584
15.572535445297756
20.948831970093124
21.367650698177368
31.76539580354577
24.029924007798506
10.773450561203582
31.21303294435217
18.255515956190756
28.97471647937699
13.036205269968951
17.346963593274012
9.205728613881268
22.683745685538454
13.815336509672811
28.60200583785768
15.663252251611503
28.50834447187578
12.933018175478216
27.106741133028475
18.227552345325094
27.587554770856343
3.96711800240954
31.644394955888522
11.376176469249094
17.644496796250824
8.795262368505316
29.47059375399441
32.23314993234527
32.953864751087096
11.14361745218424
6.791595904920375
19.01912212365514
22.003761598444704
25.027743252024433
19.502382538001694
10.482152176908984
32.350134948234505
17.705110493509938
26.715327319544418
5.363128211913391
29.49018564675385
17.07788551520231
5.4730873321930975
33.205640017424265
5.522789173141655
41.52469025843277
20.254936564720595
13.77616551628933
50.57223460557736
15.7763715035459
17.558379852432246
21.133269640180753
33.997875813050214
9.797615081546564
