44.08471383407899
31.578866640726087
38.06605770891868
28.48790560039345
22.715226463645763
25.03206642097004
30.07500792515292
25.191709879084467
13.07185396581081
45.209737440018074
30.263966150861677
70.23933478987753
25.533362732516366
32.69308996261075
58.76362717981239
32.52161095241681
22.555278523750168
37.74813992163964
36.266894898338016
45.69153671404967
30.49820286202581
49.4404952572017
34.1318787118165
12.237628818930846
60.62486226310345
24.490375779306774
23.414391158523575
34.97601308749744
24.552191842930313
19.009401233809122
34.22870433095983
25.923384072422007
6.673250765199334
35.65691139846865
21.691794278976413
5.956611652894049
3.901524744047785
30.55056986860635
27.470204876145363
42.722521759362465
39.98252732187855
37.70302727367252
25.325737790361924
31.937161753990186
7.479820429822548
18.247907878997538
19.202804181572326
38.94349453811513
51.39515281638546
31.43995609563319
5.719413203888479
26.866934926463326
58.851216320153064
40.01076898220006
9.627094223985864
21.98594706327
4.341442584914255
45.97565252219352
47.931506968967206
22.694011144922314
20.86219915987527
29.077946451053197
31.74328008906167
27.8138360004646
9.625570032558201
23.16127313701614
20.72004758439825
50.878807707982844
33.53047649545149
39.5200242932453
40.48623967997115
33.47261558560972
63.95756605019986
26.156723101988934
1.747217973687814
34.585889253323806
48.127724313207814
44.99331462820395
18.536994320271546
34.69029975831414
50.68082598304826
10.400547073059016
22.593872673617096
29.822490439977123
53.821607559257814
22.49903345463849
17.789851638548924
14.128452432874887
10.47866357139481
12.495020526625147
17.594207409112382
27.090929096566747
47.91225320610983
34.24638005359252
34.62033733215297
11.663311380962494
33.67008427351561
3.7748544031378084
39.732538308444106
9.668278480713242
36.84253734387519
21.545841362206367
39.08494850131194
37.49757683422009
32.16102446190857
20.51773659915878
35.158077423074126
44.4559143105285
52.72256885339668
20.733375531627992
34.21807718301331
6.657754372903833
13.483112613379426
25.03062490040309
52.60954002875983
10.41201538867477
7.334126318860166
43.41668908819061
51.48592444302363
46.477193515201506
32.69991362873078
23.485134479734008
13.160005560436456
22.674338514205374
13.555966520222901
19.44659036554904
1.404682231816444
36.55074698046976
32.805500664718835
38.56898021157846
