8.75532413182745
10.504855268623208
6.290526234588499
8.115180801634148
10.220959904040283
18.880321594301787
10.200358483681756
9.738499435153587
14.595064317795591
14.499634575261807
16.103788851192913
0.8788662599105163
19.43065192599374
13.713017330190745
18.490075116641655
9.893339841787817
4.867300018380531
15.95639949606187
11.625762860044885
13.419758057437047
9.130639361775517
17.333059452861068
24.20476465881652
12.997293631111253
20.580504409157385
11.450603723383288
1.9459958387331164
16.05681371251781
9.749659350455076
10.630023579032759
28.681214982765844
8.679482661331974
29.439680924523746
5.787954955139009
11.27783829653733
9.594212918844464
6.7276509161660805
4.40055980836737
9.972278475413253
16.76703815677639
14.231229541746293
14.118559290303118
10.244469302131746
35.296457201780456
14.550194706018996
21.63443737767932
9.84488599762759
7.207565289088995
23.38196203804052
13.669943909909057
14.184270549245928
13.193006722163597
13.825618206753909
15.246172319246552
4.194982682622484
23.214126946222617
17.12029330446647
4.98394572661354
18.51451625820286
8.666419231075226
8.203352759581858
19.75276744393388
11.39840714525861
22.65373310113763
30.271713254635113
10.390641336737582
10.028632659545353
31.83637765222454
20.8175108691413
7.084924404782644
22.832881221828572
21.988316052097478
14.027153629624292
10.227245919394736
6.1300752551490225
22.3507550579498
18.058539353774577
5.26425416513677
10.76750308331883
5.698466164002551
15.875512950973704
5.139673965775488
11.756830491064418
8.333517781977317
8.297179899808322
9.203175356664499
24.66978738685433
7.513882875597685
11.106353716807057
9.407855540675484
11.177775339732563
4.059218354872444
3.5473561897120254
11.310520856624679
24.891253071098987
13.867337701987791
15.865044077378776
9.47685655611392
6.929715293181266
5.080429819454302
14.531730119288389
16.620880802226417
12.875182871203096
20.854070897831456
22.4344952544936
9.543440046395338
25.885397875047072
4.809129711442809
8.469436027025155
30.535284980411202
21.11773348675281
8.34927901895086
12.847426662044754
17.318038934844832
8.587957894826756
2.1614618969037926
14.82003068177795
3.2412642756347063
13.930062305339616
7.892388767781018
23.612412052055642
16.816797563259794
9.229602302617744
28.46030242086529
16.012536466592557
3.0754675603679824
16.515563039998025
24.502128254176945
7.393030086890308
12.285549358338336
