67.6240396879005
80.07127990771829
19.4941969117236
13.922081524214153
18.049554103331808
5.074227436505513
41.47731785989077
13.070064495628502
21.1742755974628
52.96476048423148
11.00942436705931
19.759865738182746
9.417056418560636
38.177185637941385
32.219645721351874
48.618048564801455
41.890447880104084
21.225226842410514
18.263230793015495
21.945130946451425
28.061217280631837
8.811483010949788
28.211154453485026
30.581731715783476
58.58784118732473
14.358357646601748
24.502376307847598
17.393852490233126
32.27355759321407
27.179597072072077
25.515330486298833
42.70132587465347
34.46983416785623
37.001422111215696
9.40981340704288
27.04355063994641
46.584660445153084
21.38419192186845
28.719424927655666
19.935844056466447
6.694799537703359
34.016729741644795
7.300804660565775
46.46796676039353
36.13497065001241
46.373211866395984
26.21153859541171
14.08697968030941
24.063631998784544
48.81423761405265
30.36871396097638
28.092614050935165
31.11635987798768
43.849279986277274
38.02933523076235
29.149906253599546
30.965657874134024
19.388058446504203
8.919962240129147
39.811361627771234
62.68172665359986
18.965854401265137
18.26548018627865
34.72441552889592
17.305300220868073
12.130637158567682
23.228492188203848
9.349450753781856
30.382721358351265
33.93883863581139
24.60146019914039
18.738513785910325
27.27658828061057
21.66449364495502
18.46023255905491
34.78241115140794
24.63073724319543
29.397267192429464
34.15391811564569
5.4893852968506165
11.356096217232745
20.431806490007116
23.46949700249786
58.41300894349735
43.325256057063044
9.40509319258789
35.13249815031947
27.84908593542471
15.414620979607752
17.102471115785498
21.919420021975153
48.691698844954495
36.73678427669295
14.671916849410708
43.12917530280512
21.613053887661856
59.46781323266593
38.171392472583264
25.782858148904158
20.556734180090455
27.31816161544553
31.329199929725565
2.0485684960679573
26.713897436141274
76.04268829075052
49.83693310885822
30.521389300554134
23.617674806165688
25.826951835482934
38.09272611243611
10.957421173660848
6.714048473346439
7.876827137298942
17.605728545411548
19.523855180019954
16.044296445643344
58.31983032443819
8.61341078751658
13.496399939180577
29.983448629500096
42.80526950861708
85.93948056962539
72.78835235365855
30.317305509802146
18.852034235802257
35.84237603329127
9.669574467745084
28.92217362827063
32.00387635914342
25.41128563982004
