4.396285932542525
6.901966700521465
10.427658634848479
4.521420499005022
10.84193563706934
14.791175169670469
10.590450583982612
7.627126196046975
3.0181844796006545
9.906483950987553
3.2268131872303285
6.098849547981942
4.784814427516125
10.544657382581153
9.881975110154682
5.59526558173954
8.055588854003222
3.351591773021186
4.203987274967246
12.177755455179817
13.95175588810825
4.9287929980528675
5.439127537805377
1.597110500997568
8.474347479447209
8.99754232485
4.278972169822026
6.833186373985792
0.6367528423896781
4.253587732900632
2.9550392003894923
1.1721769692929247
7.974748400412849
12.514181086067207
7.938843097319733
6.866703210561671
10.137659393845377
7.136458485894076
6.765503255821963
2.308896962090683
4.946603677232756
10.151459338675838
6.62517493105516
10.130019040366925
4.237245882364765
14.80603735954989
1.99487804623324
1.37517459016025
0.9207719998172001
2.181556901992566
8.089120325347935
5.605743093711824
5.122353624160912
9.798887828345885
6.260580119695148
9.627505234036196
10.619517817617512
8.074925061761935
6.448232672674915
7.051215244412202
8.951787452357772
2.432163543152327
6.401458488558111
3.5390462438400867
10.76435343056202
0.3727811971263808
14.664593149773413
14.687467135533165
5.085574186114803
2.151018414903394
2.72319274466806
5.324072350324755
7.550806305443856
4.078474267139482
5.983672337913531
2.102689402773095
5.814794166922162
7.614967593251985
2.715633226934379
8.303160219255535
11.58461041809815
9.224603968057695
5.048553924988936
5.687892347032701
2.605603424905828
10.33257976786063
6.284107182763848
4.487063732018897
9.703540241245815
8.019280358897996
12.301960518404062
8.450229078343355
2.9175036515697657
9.454605079403342
14.257957787817416
11.523226267988449
4.81447301090073
6.485694038788101
5.2600310029108694
3.499515900508199
4.031723571165918
1.859816477472035
7.052826288160115
6.841188510891731
9.736958108588555
11.006335688976646
2.208293870719013
3.421142104669775
11.827134790112208
6.650397276351871
5.811369253147626
2.9162265672875454
10.210295092590536
3.689631737114258
0.8989611279872942
7.582344796951701
3.7719457318930476
5.95964536938408
11.405114293971632
3.863740579124875
3.97334733996999
5.171732098899084
5.689464030613495
10.36624479714513
6.152873686261403
4.726271855959137
2.9876346788655
1.6261203176861176
7.00413323803346
2.663890703118002
