1.511227349357741
3.174512341175725
4.586071653132259
0.8857546921061392
6.450653708209922
2.373288911907916
7.64185952149341
0.3979313766348579
1.8851423522174573
2.639197485265822
2.700247985064014
2.099004177642035
3.991587571464538
3.434140498949571
2.201530342987587
1.4729060250645816
8.646080099302635
6.366145818129599
6.3408909302418985
5.604388908754586
6.750903810949237
3.5281878432677916
2.6039025936640807
3.4828697827589945
4.62814911996001
1.5332643734383278
1.6174210664941002
1.4533364696482414
3.223538247263705
5.989091376447966
1.3944275034952365
6.846977188095144
1.385118617950497
1.0447766628930242
1.6520467683017896
5.669581724321515
4.8970503490797705
1.9602622851061662
3.200539698226166
5.6835170608206775
2.963192513033184
0.5420700361576725
1.3977961633426847
8.024908872129847
3.5717879812927276
3.1650527325010986
3.5817059173212495
4.340271644006883
5.224912585304607
3.3456227765545834
4.7439624998328656
2.2867760031783093
4.3025284605067915
9.268498531821013
5.704887258981577
5.332403470973682
0.7270534754919605
7.281775678020817
0.44811774751362254
3.4102159977635487
3.657656015349392
2.856123707101852
4.239789362978231
3.639144790153855
1.8402587347616868
1.1509051395565637
1.734999376020987
1.110099387680053
5.746569853677282
1.598495092207051
2.37407723467011
0.5940318358974961
1.4386436685688677
2.6644693477959946
5.485560825094336
4.441403560766206
3.66172765443605
5.833598774252398
3.649013255999279
9.845578365048835
3.8042962805008873
2.88382762131652
6.112302656429001
3.302120527376877
5.561064048256916
1.65707441855808
4.401831193099546
2.3923742105701007
6.892409452087243
5.63650048606376
5.289318780579871
2.9157111300458305
6.002825518192779
6.274794078420357
1.595070666489196
4.843657413311412
3.727071723085162
2.7519678411275255
8.676965697352252
5.938159820635494
5.487073465225967
2.7256791471618564
3.6211605784903975
4.789259429275516
3.720806890802625
2.485319945048594
6.591460592476138
1.658444063596701
2.5774301982494485
3.7543400068828134
2.526364777148008
3.8775708900645083
2.2049902304885256
6.6351680735683365
2.1691746081282974
1.7605826657202484
5.4892555999047445
2.5637813781027954
3.3121837382885246
1.1508263558038327
4.7006391145207935
2.5217703753007554
2.768238226490508
7.969642662138038
1.9877788670615835
3.0262732574342537
2.455197861730195
2.0454050865571634
2.9118359816626587
3.4478182700870073
