20.382628244926185
16.35863090198325
32.05922502992434
8.32453783305433
41.88347652822244
11.781164182460435
56.446434561873616
31.201658839929706
19.849686788801826
8.563820741919187
7.078302388639146
15.351438640098834
8.770273007873989
27.248192502547653
10.919974081995607
4.471612185307033
22.31774215887088
22.3678579600209
32.98819130490582
11.13782127131017
22.041420709053106
5.901425365658212
21.033167858054142
6.962523508868284
23.92995701067133
0.36370996992258536
12.624825142847008
15.896377942244637
28.68094295684158
18.863857207391245
33.431257936445924
4.6209737205969965
14.889560273444998
15.5842120727367
19.739183353833756
23.43155668447861
14.872283072095403
45.77271857724922
18.72246363770122
28.188639181344254
18.511961176693216
8.801971662768418
18.538891762221102
11.72617796368785
6.299573817102329
19.34353684489192
11.98336181063188
24.128831441405683
16.247099556201736
27.24706120493406
38.17301085664726
14.956110805904112
12.595381586564166
32.97800304744845
5.950219809238292
33.20684915599606
8.724732014088007
12.639495158531565
9.377963863430391
9.185980971709366
14.958175542898722
8.11481503195259
27.63744017906567
17.19618984605705
6.912108975480187
19.916764896828536
22.398337246987186
28.733386372306985
18.4116050138843
10.684625503096063
3.632377424248487
16.414912189166557
17.71055923640163
24.232499932621582
17.405853272198627
10.092504585922295
12.761374502661521
5.325228885295177
49.04932714438447
10.246033202064115
16.83368776085302
31.81872804237854
17.76888848747424
11.922317827584715
16.734342537014594
33.51749518044962
10.978105969970324
12.884130725336359
16.44001958558224
14.79459065059458
16.328771006898574
30.270495876106487
8.0949483819445
14.973524118014808
10.45191079019662
7.552180675243578
15.266644613179977
22.72888479903338
21.191752718000927
7.832534680668188
6.860649331032184
24.82305627804762
22.648803643554317
14.63005621327708
21.112264808594382
21.43321272889117
23.55330965718498
15.092140978118772
13.189989476943984
18.3406185517193
12.899617294332895
12.4661880441467
15.163435549174674
15.3580837732074
24.822782451790463
24.456700653564994
25.204163753294743
37.604408079071554
13.4881405670764
8.632384088568042
14.763385073068347
22.45035375594493
22.0244215601082
33.342250658235386
22.365887902055025
21.15907766471824
18.210391850061917
25.7202202863655
18.728125216605143
16.713777975269277
