8.58840935928542
5.382775686528621
6.5107097174261215
14.274108911989089
12.008980726555672
1.2088022396531952
5.456829268744689
8.506588180290795
9.750892724029352
2.4527297483423345
5.604724300703751
9.453343788913045
9.742615782475378
8.903584521911387
13.65957907983506
3.648971640547994
11.545860120674249
7.575976739644945
7.630191981522966
7.045502069428313
11.325943222779065
13.694032583419146
5.117694515700633
5.936224276425516
4.202816515890706
1.5865893648859712
1.8574567577242562
5.708679142026765
12.984357150681562
4.280454477293829
4.795651418597394
6.060230622644143
10.422191913087518
4.701006825955728
8.360455604152582
6.967368780837156
3.7861932132102067
7.309107742124232
4.024062334508703
10.746764421169713
18.508107814393444
2.9660194359750482
9.665593925877761
12.41449736202404
15.166305531251282
14.10993454569069
11.501396068688651
5.859844259824527
18.526284660609278
5.139704039914864
7.154762463694616
3.8364220003277323
7.778539728510427
4.263641668837522
8.708746785543582
10.592512333547486
15.273577079745404
10.337902510255761
3.9952862770111874
4.974898226371569
2.022904477125275
1.9855633154754593
7.639169287887273
7.4311304647394945
12.110117311375268
6.772238044453102
4.797785620361885
6.323783154563004
4.320168296397953
6.989794497686208
6.534055176585129
5.948263338412142
4.361588865968308
6.958093677308671
9.86267274670298
11.19713717674137
4.350017411978036
4.082834645427925
8.384680008070822
2.046563884715684
9.651082209523585
6.394479739299383
11.549317500476953
5.495575698428418
5.918243397208632
2.7579916429177618
3.6129828404058446
3.2492232770624683
2.1754574326317506
4.409610229618454
5.490616357281757
2.1952337365356374
6.019750688604586
3.4602089293785068
3.7332993824301224
1.9754392501330336
7.033728427883082
11.506448659650655
13.484708411827295
6.092809563694946
10.80830484783561
8.615757519067042
3.980787770493626
15.807423404316204
6.900508458795342
3.753719944277413
8.305007382143799
7.685114482838958
4.660384705632263
5.366528317380081
7.614225063641052
3.714691229822043
5.711932293122362
7.697988482770488
8.904669545029105
10.051351444782537
5.988819986616167
6.2067017529404
4.4428570267762755
11.50682307500882
7.283228727960775
2.4181158043441724
10.348460512375805
3.251700813245797
4.469273914963324
3.6943122657214036
5.412263519436423
8.49805861314253
5.587091564227351
3.2342016107511524
