8.670847755281226
3.6664667682041747
1.5735449178169092
4.331626195519965
3.990340242509125
12.421550244544996
11.059678295244046
5.107246853472674
9.849195108967326
0.6314145793715819
8.819166985019727
6.667669057618643
2.5925368252979637
4.449838596894704
16.473019552980915
10.005583475423153
2.4871456907271834
13.767675292761796
10.264634680882939
8.54688606468695
3.586520415068729
2.963691600258941
7.02108611555973
7.583809612610619
6.335814779423607
8.426358343491327
6.248702481981711
2.0773508155809477
13.607648095708303
5.129575033111241
6.555329113027085
5.041593688468968
4.73976635689935
3.0777658687827736
8.829621428907021
5.36908902237833
4.506761452811448
5.113008028383575
9.864968846005128
8.999984910872644
2.6227583325983055
14.486068447256118
7.093858570314969
2.0564638786237137
9.822909504723956
5.308500988856527
3.6231301770835405
6.264154925106453
2.4528952912627697
11.807986826852131
3.189029403454036
13.787301745971423
7.101238181455877
4.315199592316305
9.175960357989439
4.342993732283391
6.313297165454468
10.500658458580489
7.634938804514705
5.034096007691926
8.97275961648413
17.11849176506805
2.174558185381462
9.435614139032866
3.5716126925177663
4.777044916886386
15.348518146293788
8.189295207033368
1.2254067788743854
14.588500729638273
9.674194966780266
9.295342537603963
5.339703844210436
6.166768128583215
5.748348280405233
9.111718774758273
10.485081917571593
6.536424090423641
12.15505448025694
4.420415874321636
1.7384339020278952
4.661121382016927
7.921053495798386
8.712895209301816
11.280640785731547
16.436942726754666
3.5380419730314654
5.508776763087606
1.1650366453055152
0.722158706795915
9.95608224868859
5.660003540372745
1.3378835301900447
4.224114846570711
5.527324162815988
5.530660364583198
7.828667344584373
4.193452159629176
2.992655164494762
19.113225899920504
5.815159812354224
7.921659297575163
6.430675870883111
1.2839111828085878
8.811312406079299
1.7362748729272353
13.910865931999275
13.153589617129231
5.787365456432856
11.744069618386417
6.876750721551041
4.786773669707344
2.691058237296617
6.782732107765298
2.2700638026889446
5.249366660055803
6.034167478591602
10.727960998418178
14.408802061305238
9.897120657804185
11.643231465163149
3.34779837304933
13.077121151376932
7.537510436835181
4.242317251080671
6.296546302569016
6.409584769188501
4.588715159005292
3.0142694086473094
5.422320914797539
