6.867461022828955
2.015297333463544
3.77818080501868
9.874942086232283
4.2259819408302475
4.703497029436623
2.3453421267171484
6.380386715311833
11.61117873272975
1.3904794005022156
1.0571202722090183
5.059859791337258
9.568661515661958
6.229205348618435
4.136037063451421
1.6073506992837148
1.8102799239111511
3.2473450574556213
3.2474373660598066
15.612061305875127
3.0120981493349825
3.257637308166642
2.679896390873618
5.189761345865905
1.6277344765173358
9.398417807573125
1.7767686164572405
5.354940513907637
2.3582931992825147
7.327658422877724
4.802424609643443
5.521588379459137
2.132715349277718
2.599976971481402
4.275508102518013
4.293004197951286
2.3055711068741127
8.507954122032148
1.9278899880307292
3.2651228714267453
0.3053166158010578
10.066748536531405
5.94426499907489
4.542616786041453
2.4778150820302796
6.825463869110449
8.489807742064714
1.602255435468248
5.547172412469937
2.970845201693722
3.565669248190099
2.1480226114043113
0.9707847789742531
4.469641411576001
5.34943142253609
3.18627379529835
4.9650449870633215
4.383428009219351
4.496925941120851
3.923787744715513
7.43660299792237
1.1386530787424494
0.17879059950323872
5.101472954772925
8.650169882230001
8.178125912647582
3.105872425976077
13.675390473402143
6.491975559148641
3.2023913926785164
1.7537169070966572
3.329130149670223
3.585417258437238
9.714306223935077
11.18727942390513
4.631697799890974
3.2031201329742243
6.057206162974835
3.97392677031386
2.69505747284545
1.2459858343354167
2.071663582881055
2.8031828937028065
2.928728730980306
4.8925956963578985
3.023291381513483
6.08225308089686
4.3146890668476106
11.157545579120134
2.1578358093391303
6.520687571151537
10.303812917664958
8.86530664548683
2.8171285619059723
0.7229352761049467
2.460658948879605
1.5247539982472504
5.858679623694259
2.7371175576707962
7.9314516119510605
2.5213381438223217
5.296276903756689
2.5503391471149355
4.608688892701878
8.776497327294015
4.741474005523333
5.335927355076434
1.4765142317353477
9.7032541245949
0.047343804990911
3.895874917693528
4.112410685232966
3.2718193982212203
2.001609131545788
11.121172472608476
4.26441221522121
2.4426027458608606
2.1548942501977346
0.9218283686314239
3.3886943413183688
10.890504695993906
3.678108740788405
4.128637420321996
0.5857585375835247
2.6617799129111175
5.011510297921735
0.6559090230441855
9.645659286385284
10.671747767148027
4.609040284713533
