28.60288629893511
20.924421435028353
14.744295674939405
10.267341050862006
11.19347070559008
12.178854689030064
21.12729376775143
2.773771520018893
12.199170354897397
20.205017844458357
17.944269664418833
23.704655218706314
11.196613984423164
7.935992633870325
14.361149012430788
11.230463124494404
17.795194451960505
10.851459715420601
2.3754214106439226
28.14579472067235
16.108059275008557
14.409585067325233
12.983664477674981
6.80830717401081
15.641482927692987
6.871504363348834
17.932777614702243
24.915702864995367
28.07529854342825
18.38137960002269
22.07728912125705
15.121073258303511
7.795934237687305
6.851789466931521
24.008004083396266
11.823923661995424
8.919866467725512
10.397455037050879
11.848527184077572
12.905167819921544
11.842256546118806
0.9325404410222524
7.561420038771079
23.446152007777304
18.07663397658419
5.235187777432928
15.109654771199615
13.073182516974207
12.227952344462519
8.733758960300175
9.341147528025212
7.234182295368787
15.492371532138655
6.739895530008248
10.451200672501491
18.044820597559717
11.087006409612147
19.199534731957392
15.499155723342813
18.69643028261778
13.802247647259598
18.862858935637373
20.713129910375628
28.337840041883176
15.610162294922672
21.34194429323615
9.10904902322772
11.012347643415396
16.582416293087693
8.934324039822332
8.251142957252208
13.39688843279544
6.472277021350525
14.626918849212986
17.882110670516422
16.807892961692197
23.118554981346445
11.683471138030647
17.51452542504915
14.148283929971793
9.394098448296255
8.014017397193546
12.737704355034591
36.300018849783
17.483281194649578
13.205627337040942
16.840038407138064
9.76781598471544
4.373246538880049
19.344550491519193
15.762185885183472
19.609036724783333
9.448529302537864
11.194199130687524
9.993633360087532
8.399124210186836
12.020399465898809
9.281567749025722
11.327855494129668
7.345123792634
8.215924502904869
11.83102290989286
9.349816857354245
9.496732609578133
22.60893804825227
5.792255287727518
3.7882240637449227
16.944781944850522
5.636439022756604
10.851985201303957
9.84919093502162
21.341968100456263
18.721090735249675
9.554390926604421
11.592932912796098
11.850474517786463
14.553017270249422
15.195655557203906
7.14225697867681
24.500346648865314
28.094002939257496
12.736062186947853
15.462807057315349
16.71686841532735
12.157500293516195
5.881441120327982
7.095680307308909
3.050802686690697
26.861054144849927
17.504141415015493
