9.671158893380326
6.6065070576297735
5.893687484250244
2.0057122585992655
9.402074570506628
4.422906869263498
6.556777576549648
9.886482279070972
8.44833334556886
11.504665389244323
11.007146442027752
20.95742249598632
2.8998125042195944
8.251976513968305
3.7290410825815474
6.942554249498228
6.21383557628372
12.23507423407329
9.61115992591429
2.587937750418526
9.297823420700562
3.630218203456972
15.546807970321188
6.7931965622977835
9.213026255661857
0.9427988167656018
4.495429093598027
5.121860175780794
7.039156288912268
8.027057767524562
7.406140779722408
4.353238446094924
12.567086454558012
11.483005114797162
1.4271535093298668
7.816244115708232
11.349305782027523
5.269233387678438
5.716064411186843
3.5150482481348164
5.985528075515005
1.2604612009636924
3.776753923536748
2.612800126973946
7.719866875262538
18.335967951968023
2.0342538897674127
9.191870584783528
8.523388830464503
2.0068005277822603
11.07187846677654
15.047828553757524
8.64627147832974
1.0163784094989579
6.980043903688498
10.747033546441648
6.142082255466715
7.77193205067625
6.273815120887805
6.137582245433179
3.700870979520654
4.068339993274069
18.071036233220244
8.381926949421874
11.68164284582541
7.207250489660986
9.830302889891842
10.974427533641899
4.930519139423646
15.471247033315036
1.3422742025205738
4.905439935893844
6.787235604967136
4.392104189713587
1.160403820678741
12.771673919467128
11.20424868293006
10.474352315050991
5.965372508949852
8.25793869551645
5.314077145329451
2.6410621571539363
1.3229305458396983
7.0461947425640945
3.7677998595587234
3.9075730000306885
3.7385470931128086
6.659286606502301
1.3472791005416618
7.136367072705311
11.085206232670089
5.710837602833337
10.544750460793868
4.940391373991221
4.32724162101931
3.5329727577435546
6.187651586309324
5.092708195083935
1.7404741823571293
12.714769956632063
7.646336245831069
12.805333325952626
7.6879588322789525
12.01883835784827
0.632177391907493
2.306248299901866
5.802582465045116
3.933895297551805
11.248183218374454
4.962770956245223
5.453197336700491
6.566251824899864
5.992553810070527
10.161699857106917
6.076216679350551
3.3628372895226324
5.078804122665993
6.983243835384358
9.334782768157353
2.4623153319798083
3.550733120292759
4.5271412312561345
5.339921016858094
10.495227581831651
3.8246026755886064
3.729217666059872
15.879238058064523
5.2530094199303985
4.367428715040758
6.513472421805517
