4.890762071247915
8.324422943449312
6.796376026522974
4.113672763186236
3.240510927665417
5.353105388826825
3.080844849519682
9.700838912017716
2.684173304665974
3.9532319762721837
5.073899177052053
3.4010041372695095
0.8014340760874482
1.463048795703729
10.025204001317078
2.9307037321983453
7.105357271011895
5.245748678513552
4.197751584392045
2.9332088611660887
2.3364062077814682
3.124412008072486
7.829408049475337
4.252266313681028
2.8396053183955945
4.113372532859679
1.3544436439899605
5.827820252028724
10.09570439890895
2.215894082728994
1.8067559116325838
5.020998464071978
9.427670247144587
10.17874871371834
1.4946514138938627
4.752513571171988
6.6172865277354305
1.2187804153224215
8.043137441808849
9.363600899754752
5.111858984038219
8.832282911677577
2.8447057434599374
4.250421982208079
14.442420278188134
5.46443489655782
2.9107495615512504
4.730400180703876
3.7538058437102713
2.209209683039153
2.7178997870055004
4.226704984880258
6.0255001786807885
1.8556063911312133
2.8837427430561013
6.554703128497916
3.262617166387282
3.836456541207632
2.809639748796394
7.730528754864482
4.64065560840014
7.2727055255580195
5.400192712359532
1.972391230089369
7.7960560662390055
4.263212763556931
2.0062214469021185
6.054642677321426
4.520402160410153
7.62763185625584
3.7936209848173537
4.79606398330763
1.862727298860007
2.694455814238407
7.745261920369781
7.564652839558377
3.773581972224093
4.610127727848333
7.657605964172288
3.0354479664829146
5.061043486717489
0.39969403226527944
3.2436694274691282
6.989515941760109
5.790844638306703
10.536296135750597
5.873861623677023
8.019285040175097
3.085598009528708
7.269230543433672
7.955115427173108
5.050892657585922
1.1074572707470698
3.5803864152709597
1.052788663265412
2.3619434505388264
6.279446123133463
5.31398765037447
3.3650772443879533
12.66544356336561
0.49857725404255293
5.30174782587302
2.195283760445442
4.779146291631679
13.512251958611282
5.514296545773282
4.882702681043817
4.75491498689699
3.9685741062367064
6.3445944007829995
3.0029388071678
1.5035801932655317
10.605380757673629
5.8692693941374605
2.873211533834147
4.017893264302637
3.1646950040374366
3.608743564846063
3.4478941465630992
3.2733125911610026
2.0619593395511293
5.225188587364112
3.781741825770293
3.067739711329119
5.131769467618794
0.38558664678002075
8.506299751072063
3.23202081067747
4.696018174216893
6.374618802434383
