28.71920101403498
8.962918885778054
1.9539187607342798
19.15771669285639
9.661197065590096
67.86241545871441
49.286159245495604
26.23026024708213
45.83550417898167
18.98571595236713
43.779793804710074
31.460747742117086
35.43112114378478
26.244621725825528
41.45708749217395
32.15165977100028
28.058443046293785
35.723308917392366
45.88529496654663
35.94654186660005
8.52237486848765
36.20265344024287
2.780586291733007
35.85970744057846
53.82752479412961
31.101360913723934
38.46673569928409
18.1375674045416
59.900699641017304
18.806363270722507
25.987344854434337
15.266825582400209
34.954511016296635
22.568028652960216
14.509870440177021
22.046443757262008
27.681151728030457
19.11341594042216
9.794392781660395
13.982333658290209
27.034535057426282
64.34083479010039
30.960524788570368
6.2577587651998705
31.31401457327894
34.587018322783436
30.93684831380226
3.7961678688507936
19.908958922266436
17.409673099178743
14.86121841143917
49.73694714146411
30.3501561671261
34.560540685038106
25.418671101566865
24.33451445562241
20.262578688735847
35.531253760867834
40.368353340663155
11.187948702297362
23.536682764339762
18.64145632998632
24.18785879823786
21.047832748410418
40.68371034257667
53.466816504965465
16.96662047821246
51.01715201706055
44.55959808004921
37.476628479453886
36.924074189559484
21.808876342590814
23.627848843853975
10.188374409317609
30.374811552495732
12.6529312611921
37.65727364226525
18.050810195133202
40.37340957857033
21.66570309440883
11.70473401260872
30.90977810629561
28.274400913522786
7.67748348309055
51.82523787302794
8.681703122493426
88.09768612612619
5.3572545825005555
18.215083861777646
13.006865242740972
56.374484424517924
5.646780649093322
25.0631423484253
29.666328985834394
63.3550377258223
19.59769141399458
18.337760218724334
18.244729952300045
27.55476156456851
15.79832908430341
73.11117040963346
24.091353993295115
22.132802447431057
34.49137062201958
45.20844624530056
6.187077093265469
30.97765634497398
68.17120423107143
53.85382906020712
10.792466893035897
2.7607354410394223
29.928285537918462
11.514796776364507
30.392885578475983
42.60614932059643
35.05852633947502
44.83759292856931
10.091434060813361
3.9003127403830047
64.43425907997702
16.532438738551456
13.481451969771376
15.112038761016612
50.857691503546576
22.70614747695401
27.90940218620654
42.07078613707326
16.041717873643787
21.18357137672624
16.01966776217922
