1.0674598819206376
1.6733546455522603
1.855706870424277
2.590227292126112
4.7149787890925605
3.7302429863371254
3.6982004889126037
4.88882434133112
3.5422337561344586
0.4026538751791676
8.358404516887393
3.542547086743971
1.16594798178639
10.441261150053075
3.3050464579730563
7.578052266740388
4.400915570280283
4.029286351226701
2.1745450437835685
4.369368927209025
4.785557596446373
5.062811464293562
5.030571418293921
5.6898725352918955
3.8052517530999164
8.98838266058775
4.091341155536181
8.704530215473289
1.1455185963393715
2.1633448211031086
6.323177784718176
6.360018367264213
1.6933678551927893
2.723094965596222
3.6104256474294893
3.264051981982044
0.6626708048073793
6.050663371989738
2.403473480640362
2.3361628079492016
5.617925118368392
1.5204376402774133
1.605404776617266
2.2090126810374
0.9595326094053008
9.495786236456048
4.195030318109225
4.005295017604644
0.21058925339351658
5.846014739846257
1.0693374145621608
4.0878634942479275
2.5658150375397653
5.2171800034926745
3.1691432845209926
4.492891534772928
5.97786483073559
1.7584105495438493
4.133680410020856
3.069980406885503
3.4295304322106683
2.5932279213562315
3.7616832114793044
6.4184404676024
1.3191614941650813
3.3507657387217935
3.6190075890292417
3.90349907539855
4.461828397657106
6.347665413069862
4.722563334601833
1.3649732385120208
3.4813397489689413
7.308992103468976
3.134799288833934
5.599581042403826
1.6609778471894858
5.777736947557795
1.3907490719335818
3.1643775244754146
3.717218317146879
7.4114419857016784
2.5031216659219755
4.46511293453747
3.1218446463548717
2.1565550085123744
4.605113330040717
7.889210474475934
3.1263873653469387
1.2771707936834418
1.1922784779329558
1.899827825183613
4.760226470780533
1.392510615973977
4.209168514956067
2.9406027490619118
5.702086954291507
3.831639548050024
2.441422426019394
1.98853765709634
0.34751537400323
4.215041336560713
4.664622148763499
4.588434798204913
3.7513787417419917
5.44709234484419
5.762349506793116
0.6356812078624998
3.945864816243884
1.1376226060166743
4.2122692728073625
3.0472297122281105
3.1497284721878023
1.4541552215795817
5.0843872086027355
3.4112164081565184
5.988284108544656
4.718547102015052
1.8771189134657402
3.7262414948576685
2.282847751492446
5.595426362985101
1.3848089594031041
1.37400812440891
2.9458581314696204
3.214147809260631
2.4882909352816025
1.9274835900154035
7.511920453945258
3.7227238146443793
