11.781995445413935
10.074976764024424
10.750421383538923
47.89655901469279
22.06965770627916
32.28795688530594
28.7544885360517
23.351461839526312
32.895835731540316
12.971912323959316
23.855303469883353
23.85149377515612
23.55007756550625
9.526298826549773
15.717272590694757
6.097447483687558
8.4561632187979
7.73748173631539
15.964563422295548
12.870375334429346
11.505305885528488
19.251001894979076
24.2530499766783
20.72080437339567
6.93319484671299
29.34098854904144
23.30761524444657
14.890233364747825
24.926007190770715
21.605527750858222
12.83752668240128
15.248708801263223
24.433857224348582
14.169957944433042
39.14707866786902
4.44376613487253
23.435436951338986
42.457303976453375
17.10222442600782
45.52241000890055
37.72056049100365
10.55871238805896
34.294508009535136
13.965359167700475
16.90729833354008
29.99510491504886
26.204302867521054
9.546471961345084
10.654162437162807
2.0182230372098435
32.46354244497098
32.18134720801388
12.986852472092364
38.1543146127386
9.834802661480882
13.315513696387985
20.244051526275733
17.160670815785988
22.49974600027943
8.424726179611962
43.761580599291946
11.898706186268644
23.70725951056928
20.819550158905567
9.463522322091542
21.36573065201164
8.520869396539904
15.987261450422515
46.80415390784972
12.18647049813341
8.9748209195112
33.82297759999982
19.149525697867237
9.803904394731767
8.871596141715479
33.07887853442058
27.55045077390115
12.626469515663077
37.96799248720006
16.980970113563842
32.860062510373965
27.476274624462246
10.826744541862423
33.346840223242225
27.73235356818295
15.141759322767973
15.976407421667238
56.364617534986
4.14692543682273
7.596374400948098
28.68749720618925
13.986363368152393
20.990291259148915
26.721180663521707
32.89392900273642
22.97905216994712
17.087671884111067
9.585699060729082
58.049597718456646
15.151313273454521
15.56270084913627
9.957689485644087
32.47665419902742
8.46529882151897
57.482663231084075
23.3121863318059
18.109744769569815
25.980580040807148
13.355917705035283
11.85106043523579
10.592608633613622
20.898560733213806
18.276729097509904
20.948737453800657
22.385244012539733
32.16215634116438
17.760514294051905
32.17824433950827
19.258425812094654
42.11898915051027
16.016396538162336
20.11557182867005
18.911093891418783
22.787912451245045
15.611283599787566
44.88685754501527
11.05187548201972
39.83880192017856
30.343991632663005
17.803747428082804
