1.4235348428057846
2.476079660480288
8.376429258366233
12.52030539740436
5.211172193146814
1.0793188066214243
7.066263858927643
4.232085340072236
8.463688542081801
8.540217564222319
16.369607984708786
18.442954242353228
10.479245497008856
3.796624584396501
11.440177828843645
9.681745828983715
6.250786484619901
3.692620872974262
1.2213683765225547
10.072739681660108
3.740112768567342
3.2759255771577322
5.75893697886769
4.692826607174281
2.7881980411051197
9.020450172641684
2.435819309447121
15.400206213116308
2.484992397757791
10.268456118021728
11.260069909390085
4.481080799338786
11.069068152650756
5.3687854276081834
9.14817515117676
9.845256157889125
8.916000595627638
5.757895632577552
12.605470407063883
1.3990381521671171
4.946603677232756
1.2024605925109444
0.691632802884481
10.003469918979182
9.205164829027805
0.9976064299158182
6.032082849623339
8.378453061576344
4.92961124445409
4.230173205923165
10.150078506745464
2.639258418072531
8.789832057932154
20.22383035093209
4.883902001217185
6.183227333375492
8.240316793321398
0.9068115122391062
1.1852262731221286
14.744556896654696
8.951787452357772
3.9438317256125
3.790678109569906
9.665836548594697
2.58857284183517
0.7287830619328401
2.4262897855375334
10.096346461895397
0.6176040813507861
5.5825625605326845
5.420559326752379
6.899595853446319
7.890727911552704
2.6161130192802275
5.983672337913531
13.119211296788063
1.8497023242559751
13.306216559614962
3.7960085667957024
2.93472462482046
2.4227249894843803
7.572116584007799
7.4173708701128245
14.231580870894984
5.794294941805721
5.618761934499797
5.027446325099249
2.0899988290562646
10.1103800927314
5.381408621535646
14.82202329569733
4.702561460877463
2.8261573595614697
1.6747236135171446
2.429806185855991
6.665675325692834
6.782187256035138
5.284093729578179
1.3354657235792808
11.934419437498201
2.355352038021727
1.751216262900519
2.156311497284589
9.940395548122702
4.287464322946028
4.499130756874898
6.271475205660745
10.348489775753178
1.7087831434450516
3.447937119828526
4.903680664943324
11.150080383043793
2.8076865546329093
2.1469789101189667
4.129004156225473
6.476749175036162
8.174110238491512
6.929433862648881
7.53015745754921
3.3294418981306673
6.068534246028282
3.759327083639414
8.185803616415274
6.2978675636159185
1.9284043676360094
3.257673242197856
8.795182882185834
4.405205953445039
7.00413323803346
4.58700078517409
