41.46610662473796
21.514691358634224
19.26179842942479
16.250477170004306
45.572612775266585
31.36038872595612
8.641588431061573
20.028856190074478
41.45821203947182
40.69563446812207
17.783678835092207
20.67091372142368
32.480409878256495
41.43583617387287
41.17782605971837
13.731152234704107
35.81675480440405
13.244732523406299
47.876773529944515
41.59238225229772
38.366630960025574
20.997259202766912
12.204970118935025
9.184729897769735
24.58693434934036
40.6921247489884
21.63965712676419
33.32607095804613
25.71186589055988
17.759029769059236
20.521020923600677
32.3283267501506
15.33319488075965
6.962452121600986
19.590835864418143
17.516821183301865
16.947791779363104
51.27317961347599
17.31359923712936
41.00115617003179
32.69345730175353
23.325264532620913
11.653104718818907
17.289451488659786
9.796212640071605
18.14962510571161
13.061584763612144
21.54753492639869
40.490237113031505
27.434122263407726
13.79429678047237
52.77694997240464
70.74292080624906
37.9179935905139
34.894646853783435
21.902101233362217
71.41508718556229
34.96640521159049
14.349195541234941
26.531039806814746
39.37554616181924
17.984987921651964
29.852085545498806
42.89510451558676
14.013151861025618
20.089128711997603
31.74937842056546
8.931726052504601
33.926930492520846
50.914936501112514
52.875591771569205
26.215907545579306
54.74895851854034
46.04970694350385
42.11174256225027
6.866227910765972
11.07808354278879
38.22704257312559
27.433567019544252
18.34651947792791
40.26055737189692
48.54134678742456
14.552323321270547
31.595998241159094
7.422615417642101
48.01988021784573
15.262319598859243
48.476321377260334
11.50746004667638
55.796135941472095
17.360021692026322
10.860288979181473
22.765728061725376
34.202480443628424
11.849711373278119
38.55609100895794
12.669356696590592
29.70342482775414
19.95520555298654
21.03519795607479
34.15726266838059
57.18089010330831
9.208554605815953
38.45824976113332
14.718370037868098
22.0684015535841
42.28537463880122
19.887854164621505
19.47297354544596
82.50210275167092
52.999008882745834
7.9159450094931145
36.00792217837264
16.06887714415059
28.21454172256574
21.867744050383184
13.467068919036826
39.559946852348546
11.282539770888075
48.41255455850086
8.480216673550208
19.5469959319219
55.356997943677555
49.920996575944294
65.82226338167763
5.844239384276589
17.726436086915832
16.181986193593595
47.05293442009732
40.74509867845356
