11.847405487859415
12.085521810294647
7.566912222487042
6.451616851711505
7.895551703553395
10.586188981924856
5.106660897191438
11.182855722262811
11.716756801798406
7.434813843693327
15.762684637416333
4.4751050254262195
13.217783290646132
3.936591617232964
7.040406844703422
17.68740074414616
1.9794814182863834
5.746374310714776
10.809566501884795
6.015100128727875
4.508235849965829
12.221846751842536
10.766795432811508
5.102148249399259
10.511873095553598
0.9182969781665705
4.545274447337625
1.7796509202731967
3.1856647501891215
10.582128397562297
9.398656078654332
4.4621382896739386
15.036675162222219
5.222421341753191
8.346296761034598
13.421855610131093
8.99107000843722
5.040330601038788
10.408003479799593
8.847852520403341
1.0897326639526677
2.1527131893808362
8.98943419294223
8.799137902156541
7.924959613551973
2.736117055966229
9.783895325264945
5.821781062941305
6.399871446627105
8.397643388519308
5.006765196071943
8.066895912018213
2.4004413423245223
6.180658977844876
2.553686769032029
5.148203411911962
10.623906264034927
7.714676190533952
6.982097597245699
4.590595283688983
6.494387389409716
9.350624516521728
10.582173971309418
14.184178047550857
2.614311235609313
4.217364280463194
5.5785549542711514
11.408850354360167
2.524470650789221
10.626171543153577
7.1806817600858075
3.0366925123889392
11.159030586552372
14.293515912666777
10.896481519080908
5.915589813142639
5.291873641779528
6.009367373213521
1.517986374117058
2.970485743881967
1.2794043146817
8.354972736672476
6.794904034983357
8.686927848368486
3.226373758915779
4.370943512987113
9.40505097988019
8.220538715037101
7.115958281354331
7.458562228744412
8.211682330368665
7.920050200117325
4.676770156632476
6.3845489657770464
3.860456683253778
5.722128751379029
12.39651216771134
10.026257281789526
5.340097519515433
7.498767529475621
7.320383679233097
4.145802226791926
7.32840825471247
7.354108329768937
5.409923484371541
3.3162316192457033
12.443252272468586
7.631364560281953
7.291815082081278
8.990813934902736
4.191764010390736
7.235727574991877
11.911962102132525
4.367561615240579
2.3474374775037963
10.286107901577543
5.580083147800301
5.887813558324133
9.347703386825781
8.556776102997368
12.490395170689409
4.334141141853537
3.724499886048803
8.446105424435018
10.164120588539713
8.234738469833157
4.272357976759793
1.4338846345767968
6.34270151100049
1.370228325712204
