3.141744552603048
4.816927475045446
0
10.318097896613066
10.125735185399686
6.942353015210383
17.91434420420057
13.406378808162529
4.681348243962726
12.848846687082023
4.154597029500227
5.4700880467464215
3.4607698789880907
2.0125501982843326
13.224663963539179
4.393130002420799
10.282536533105203
7.892226010958671
12.24412124707748
0.06954487301775704
3.529830322446607
5.688562269230484
7.718858315284561
27.623776156899613
5.609862478400376
4.777611715522741
5.01334737432019
12.499063530253181
15.131756166435085
5.3114698474095485
6.08179791612796
12.903618202418372
4.370571226795991
8.31913744547771
11.56936293453291
6.232428584877501
3.075961832636485
8.7057899037931
0.3501946446722745
18.967253194653793
10.314317573956135
12.024998772348681
4.256543921257685
3.6002719864310873
6.461582297686358
3.8944989236355947
4.456303846577554
15.060269404849361
1.439227332389669
13.449711488496616
12.630663013352398
7.979986463172137
11.80770704219439
8.856475638624605
8.02690178513549
1.7363631398898742
0.3982980588424094
11.197032839844816
4.367875456756799
3.950684538355411
13.4224771299381
16.057683546774427
2.852972495008355
7.5454766470750245
4.661329843294733
10.94876735021884
11.516847285293505
7.873133361994033
10.136715282764893
4.517966826601988
7.948262792785777
4.280369402699079
6.17315028192856
12.153814660647427
5.346011877903023
8.14920425631619
16.400800208594024
6.537977797466098
5.23860299767016
5.158680171138577
2.425514292328676
11.187146493993254
9.293946692770522
13.08401964275426
15.345610210688493
6.108518511954081
3.16013312035563
5.957889799488859
19.601009796027782
4.549934495126561
8.496970959467948
3.01490405429456
14.534484706153041
9.443400435286796
0
26.064929727774913
4.479113189539867
5.8926651283134746
3.4234305267897454
4.789350789998258
9.58001816964708
7.934308351409608
6.6167570702339615
5.523374122533887
2.328576381611334
8.351752205073641
10.363035474469113
3.852770754311011
3.126804448540793
3.3795524671130623
7.6835748442552
13.022449443413082
12.046550386321009
5.6081469557696675
5.393698578000494
2.576454481422908
0
4.851891144839571
3.2632701512019673
3.004598498583284
8.986080036856405
4.048119697304764
6.028865120496037
2.4511913902659717
5.917919204264427
9.102180589109137
4.447144485724797
13.675865798904569
16.824890122127233
18.90806097440192
