4.990785583077643
6.618920000889495
4.794063065998972
9.662281941759034
1.1436243159280381
1.233284106159401
5.209874960068367
4.852070744271456
6.918374377991492
8.99304939271175
10.282568703317118
3.192898198499952
7.187403459722083
13.100802440039976
2.832006590253825
1.9884463132815646
5.589575086148822
6.778814533589933
3.40152553524372
5.199336551624656
2.5461876775543093
4.967014877368705
4.859410237651179
5.444327426939735
3.415223112261669
5.002740955030783
0.13929273460219074
5.798756000131742
3.7089140577020685
4.140642465522858
2.8842136532046503
6.534485207787356
5.701430700545462
4.087401438153833
10.06460619896578
2.482758633469639
5.217806371696681
7.178278661638433
6.2344490166145174
8.042456045718852
2.779881020366413
5.248325082396293
7.806809714433095
2.9982340203077062
9.714689598231143
5.540149725160543
2.5281176395997575
6.9275975208534755
3.3564568232657344
1.905415732893373
2.998099706318935
3.68622882809796
2.6371999753300344
2.9499918620581873
2.2046522374833426
4.593855049548292
5.209389622204486
5.007841188783639
2.809639748796394
2.9227776860758
4.0008155251879245
7.831812780431921
4.023566718690225
8.294606047908259
5.890026153703779
3.52963314979988
3.31524349381099
5.913859375661245
4.030226575314442
3.9658159189537123
3.7376765053379746
5.744800116261967
8.40228808096065
4.605331138288881
7.469338646364705
2.9872069174354343
3.773581972224093
2.755664676610271
8.663220801658941
0.743437158672015
2.507482141199368
0.7058796261218189
4.950401619996769
5.422701745056175
5.113310439998275
3.9259911598565207
11.986581588842132
4.917410958486626
6.369384804952115
12.345261175741618
9.756761434684615
4.497191069033484
4.452991137142349
5.532383644733331
1.052788663265412
7.351778632676075
4.3015607767144
8.307744155409631
6.858586388145628
8.019371028564189
5.833943235537371
3.3288450561117133
8.47639946115368
4.30126382766027
1.4238399043285197
2.3756690677911925
3.1695474739029397
5.111066030086878
6.605540881243896
3.8500881037352395
4.896160520907463
6.217395413242117
6.258486634087412
8.455432917647908
1.03507600574782
3.5977727819874716
2.334744337556595
3.0896426259588097
2.6088590313622766
9.542452923896453
4.710577333648263
3.3359788508272197
2.8248309249595462
1.5757240103573282
6.163559174034649
1.3891470730227367
7.1408916009668975
5.385234267928307
4.727250200753261
3.5143741237022392
