1.8271557294689973
42.070010909116256
12.579652678759444
13.839545315459418
14.630542204532532
25.125707647092504
3.827232488665009
11.821490419047896
9.984433272060395
18.686430425320324
12.649294783540327
7.551392744045803
12.142110324738946
32.792176148430165
22.038793511138877
0.9922695803600694
17.983726757562042
10.489804382723754
18.267566511393298
14.08818193473375
21.209979953619957
10.929127372050292
20.220641051707073
13.045576868423645
25.890460411217756
16.99666033153489
21.10503050938705
19.789001339178
19.06654574233143
14.4553403644151
15.98044252871913
10.850262620974641
21.84907574729777
23.283623171240606
11.247605988226868
12.802167865426204
30.438411744592063
16.235123637268774
20.900252358378033
15.196057820252125
14.378800677014725
4.498046674438873
24.159178923488874
39.66102242169554
26.969231294825054
19.390036517990378
25.24842546088999
13.397090885865342
12.900577759578026
8.01838818254351
17.024037267584884
18.093725421431433
5.109013471999128
6.246955565436
8.762679280949024
14.367108031240793
5.4350152337584
31.40022507084603
23.46528821728539
26.219491296261292
9.471973554922615
11.165207182718529
13.106347097300791
39.15352639177242
7.319497047310791
26.005152552974295
27.773700069976282
5.433931675776253
42.881760988157225
11.536094568373247
16.944030688716325
14.824097382777488
11.984343951310583
28.208299071891535
12.574649158089859
4.489689139336134
40.58365983587716
11.952827893764326
22.04987158694725
19.15231944922947
18.671666370564573
9.470309297703096
25.312878501272703
16.84475474443518
26.28662252477832
39.908568891226615
7.60626554426797
7.612162542856464
16.227999413004277
19.339849624126508
17.529522225039354
11.778061611555568
23.998440802925074
32.27796819518812
16.03427748441934
10.69089286726427
17.308702631865188
26.812506078656764
28.589435811147098
2.8620754026595674
21.217197420031376
16.528157227654383
24.907275693504317
28.31062200416468
21.24141725569937
12.961212402911112
32.815294632448044
23.240610850423995
38.169344518557956
12.317775665547956
30.1963034038867
29.400409650200984
16.78451288428901
20.16299904296919
25.921387453501765
26.917424739948586
14.71911391243857
19.861776248718165
5.436158569428483
31.41637197126163
9.737709243679122
21.346507564789523
20.19219030562484
10.654172789247658
8.911816777505049
22.771565517645996
41.81319489107333
24.500153274840187
9.627450941934233
26.52591739233564
