16.89393787788132
29.184111332028586
18.99775434458926
25.919063144943213
7.289497256525303
39.382008061674554
30.14917504322576
49.028376514184004
25.289942490172308
21.90711086998714
26.015596874542833
45.22213152055163
37.47143389197318
30.632829369418566
50.38041242593777
21.8533643764166
45.53514790573767
52.2157606980103
33.16174720288426
41.63309854310632
31.892393912069064
36.40543741200952
14.963607275238928
42.17561582259568
26.878220765719803
21.64418044483768
39.78270963049913
46.22374014317581
10.589193119222708
4.725460697088427
26.037747650053355
28.165699297038984
29.233635848845783
19.642357153918244
54.14716034316831
25.035894363702642
48.22876131414223
41.07437579982051
21.802689397731772
43.90885842252688
37.83430527076714
34.815031295654755
47.49618732529456
29.96192259526811
46.74523855161217
53.45009555761475
37.8825565035001
30.629029411671475
19.669925590530216
21.373207436660508
27.36799448114801
19.420855578983417
38.6851805941582
33.615695118628366
25.999408217136196
15.085049295806094
36.79969569318084
24.082928091553445
15.811004126443914
42.37891500778953
39.98852602794491
61.54931664833497
29.47487205228708
27.262896285283674
34.57840859303178
37.99480571009041
10.770499978971502
39.26224978094714
18.08240571576348
27.77363098309717
32.50205249874925
15.746687137546452
31.10320869045959
19.913278449550646
40.12081901997472
16.172745173196684
50.70906594198862
9.598740072539002
21.38513276465363
30.462406575935063
16.178877014672665
34.11540940728952
48.55523160815852
3.561284092974907
24.388722147725776
34.34449842164208
36.77865269178901
38.40351655034109
44.17603880937084
31.982863128462043
38.37465239134894
17.81637304021993
29.103854345661606
16.663088183244387
30.464975997825462
19.1848076845343
10.417449494249563
8.82205859482248
46.56542590829128
17.057238648562667
34.691412808176985
42.88254921190595
34.275305605600145
13.537863302783006
40.757943235742005
21.22121599502277
9.465168324125953
27.600056254751482
44.83330752211788
35.570285890733
38.30993564362919
26.40796641000204
18.243343398128204
37.08062601534822
33.47334649350281
30.13528335633141
30.428108774146647
13.966947226163002
28.877995382642855
18.150018246505947
56.21157981295445
18.3107301147644
28.52535926777492
38.92227269310086
15.26103386918785
34.458167737449706
41.3525846220571
46.92630970697675
14.353638512137453
47.403537257866546
